44.3835 1e-05
 44.4835 1e-05
 44.5835 0
 44.6835 0
 44.7835 0
 44.8835 0
 44.9835 0
 45.0835 0
 45.1835 0
 45.2835 0
 45.3835 0
 45.4835 0
 45.5835 0
 45.6835 0
 45.7835 0
 45.8835 0
 45.9835 0
 46.0835 0
 46.1835 0
 46.2835 1e-05
 46.3835 0
 46.4835 1e-05
 46.5835 0
 46.6835 1e-05
 46.7835 1e-05
 46.8835 1e-05
 46.9835 0
 47.0835 0
 47.1835 0
 47.2835 0
 47.3835 0
 47.4835 0
 47.5835 0
 47.6835 0
 47.7835 0
 47.8835 0
 47.9835 2e-05
 48.0835 0
 48.1835 0
 48.2835 0
 48.3835 0
 48.4835 0
 48.5835 0
 48.6835 0
 48.7835 0
 48.8835 1e-05
 48.9835 0
 49.0835 0
 49.1835 0
 49.2835 1e-05
 49.3835 0
 49.4835 2e-05
 49.5835 0
 49.6835 1e-05
 49.7835 0
 49.8835 1e-05
 49.9835 0
 50.0835 1e-05
 50.1835 0
 50.2835 1e-05
 50.3835 0
 50.4835 1e-05
 50.5835 0
 50.6835 1e-05
 50.7835 2e-05
 50.8835 2e-05
 50.9835 3e-05
 51.0835 1e-05
 51.1835 1e-05
 51.2835 1e-05
 51.3835 1e-05
 51.4835 0
 51.5835 1e-05
 51.6835 4e-05
 51.7835 1e-05
 51.8835 2e-05
 51.9835 3e-05
 52.0835 3e-05
 52.1835 3e-05
 52.2835 0
 52.3835 1e-05
 52.4835 1e-05
 52.5835 3e-05
 52.6835 5e-05
 52.7835 2e-05
 52.8835 3e-05
 52.9835 6e-05
 53.0835 3e-05
 53.1835 5e-05
 53.2835 4e-05
 53.3835 4e-05
 53.4835 4e-05
 53.5835 1e-05
 53.6835 4e-05
 53.7835 3e-05
 53.8835 4e-05
 53.9835 3e-05
 54.0835 4e-05
 54.1835 1e-05
 54.2835 3e-05
 54.3835 4e-05
 54.4835 8e-05
 54.5835 4e-05
 54.6835 6e-05
 54.7835 6e-05
 54.8835 7e-05
 54.9835 6e-05
 55.0835 1e-05
 55.1835 4e-05
 55.2835 4e-05
 55.3835 7e-05
 55.4835 6e-05
 55.5835 3e-05
 55.6835 6e-05
 55.7835 6e-05
 55.8835 6e-05
 55.9835 5e-05
 56.0835 5e-05
 56.1835 9e-05
 56.2835 7e-05
 56.3835 8e-05
 56.4835 7e-05
 56.5835 7e-05
 56.6835 4e-05
 56.7835 0.00016
 56.8835 0.00017
 56.9835 8e-05
 57.0835 0.00012
 57.1835 0.00012
 57.2835 0.00012
 57.3835 0.00013
 57.4835 0.00011
 57.5835 9e-05
 57.6835 0.0001
 57.7835 0.00022
 57.8835 0.00016
 57.9835 0.00014
 58.0835 0.00014
 58.1835 0.00026
 58.2835 0.00011
 58.3835 0.00021
 58.4835 0.00016
 58.5835 0.00018
 58.6835 0.00027
 58.7835 0.00024
 58.8835 0.0002
 58.9835 0.00015
 59.0835 0.00028
 59.1835 0.00022
 59.2835 0.00026
 59.3835 0.00023
 59.4835 0.00018
 59.5835 0.00026
 59.6835 0.0002
 59.7835 0.00025
 59.8835 0.00028
 59.9835 0.00034
 60.0835 0.00033
 60.1835 0.0003
 60.2835 0.00029
 60.3835 0.00033
 60.4835 0.00037
 60.5835 0.0003
 60.6835 0.00041
 60.7835 0.0004
 60.8835 0.0003
 60.9835 0.00037
 61.0835 0.00042
 61.1835 0.00041
 61.2835 0.00034
 61.3835 0.00047
 61.4835 0.00051
 61.5835 0.00031
 61.6835 0.00054
 61.7835 0.0005
 61.8835 0.00046
 61.9835 0.00048
 62.0835 0.00047
 62.1835 0.0006
 62.2835 0.0007
 62.3835 0.00065
 62.4835 0.00066
 62.5835 0.00063
 62.6835 0.0007
 62.7835 0.00068
 62.8835 0.00053
 62.9835 0.00086
 63.0835 0.00069
 63.1835 0.00067
 63.2835 0.00079
 63.3835 0.00094
 63.4835 0.00088
 63.5835 0.0009
 63.6835 0.00071
 63.7835 0.00073
 63.8835 0.00103
 63.9835 0.00093
 64.0835 0.00108
 64.1835 0.00081
 64.2835 0.00089
 64.3835 0.0012
 64.4835 0.00078
 64.5835 0.00118
 64.6835 0.00124
 64.7835 0.00134
 64.8835 0.00121
 64.9835 0.00114
 65.0835 0.00126
 65.1835 0.00126
 65.2835 0.00136
 65.3835 0.00134
 65.4835 0.00115
 65.5835 0.00123
 65.6835 0.00131
 65.7835 0.00105
 65.8835 0.00153
 65.9835 0.00144
 66.0835 0.00142
 66.1835 0.00164
 66.2835 0.00161
 66.3835 0.00167
 66.4835 0.00172
 66.5835 0.00174
 66.6835 0.00158
 66.7835 0.00178
 66.8835 0.00186
 66.9835 0.0018
 67.0835 0.00192
 67.1835 0.00206
 67.2835 0.00188
 67.3835 0.0018
 67.4835 0.00204
 67.5835 0.00193
 67.6835 0.00219
 67.7835 0.00206
 67.8835 0.0024
 67.9835 0.00197
 68.0835 0.0023
 68.1835 0.00241
 68.2835 0.0024
 68.3835 0.00235
 68.4835 0.00249
 68.5835 0.00252
 68.6835 0.00268
 68.7835 0.00263
 68.8835 0.00258
 68.9835 0.00273
 69.0835 0.00292
 69.1835 0.00275
 69.2835 0.00278
 69.3835 0.00266
 69.4835 0.00313
 69.5835 0.00339
 69.6835 0.00281
 69.7835 0.00325
 69.8835 0.00296
 69.9835 0.00295
 70.0835 0.00352
 70.1835 0.00332
 70.2835 0.0032
 70.3835 0.00369
 70.4835 0.0037
 70.5835 0.00373
 70.6835 0.00356
 70.7835 0.00411
 70.8835 0.00408
 70.9835 0.00422
 71.0835 0.00404
 71.1835 0.00406
 71.2835 0.00415
 71.3835 0.00436
 71.4835 0.00397
 71.5835 0.00484
 71.6835 0.00449
 71.7835 0.00458
 71.8835 0.00438
 71.9835 0.00507
 72.0835 0.0051
 72.1835 0.00506
 72.2835 0.00545
 72.3835 0.00469
 72.4835 0.0047
 72.5835 0.00531
 72.6835 0.00532
 72.7835 0.00535
 72.8835 0.00573
 72.9835 0.0057
 73.0835 0.00582
 73.1835 0.00556
 73.2835 0.00559
 73.3835 0.00603
 73.4835 0.00592
 73.5835 0.00602
 73.6835 0.00603
 73.7835 0.00635
 73.8835 0.00626
 73.9835 0.00618
 74.0835 0.00647
 74.1835 0.00668
 74.2835 0.0066
 74.3835 0.00695
 74.4835 0.00703
 74.5835 0.00704
 74.6835 0.00749
 74.7835 0.00715
 74.8835 0.00739
 74.9835 0.00727
 75.0835 0.00761
 75.1835 0.0075
 75.2835 0.00768
 75.3835 0.00854
 75.4835 0.00837
 75.5835 0.0081
 75.6835 0.00826
 75.7835 0.0082
 75.8835 0.0078
 75.9835 0.00829
 76.0835 0.00879
 76.1835 0.00893
 76.2835 0.00888
 76.3835 0.00856
 76.4835 0.00918
 76.5835 0.00914
 76.6835 0.00962
 76.7835 0.00998
 76.8835 0.00961
 76.9835 0.01007
 77.0835 0.00941
 77.1835 0.0102
 77.2835 0.0103
 77.3835 0.01057
 77.4835 0.01108
 77.5835 0.00993
 77.6835 0.01013
 77.7835 0.0104
 77.8835 0.01081
 77.9835 0.01108
 78.0835 0.01145
 78.1835 0.01161
 78.2835 0.01099
 78.3835 0.01164
 78.4835 0.01169
 78.5835 0.01234
 78.6835 0.01194
 78.7835 0.01167
 78.8835 0.01195
 78.9835 0.01294
 79.0835 0.01173
 79.1835 0.01221
 79.2835 0.01224
 79.3835 0.01306
 79.4835 0.01314
 79.5835 0.01326
 79.6835 0.01326
 79.7835 0.01373
 79.8835 0.01314
 79.9835 0.01318
 80.0835 0.01337
 80.1835 0.01442
 80.2835 0.01397
 80.3835 0.01395
 80.4835 0.01424
 80.5835 0.01485
 80.6835 0.01459
 80.7835 0.0149
 80.8835 0.01481
 80.9835 0.01486
 81.0835 0.01488
 81.1835 0.01543
 81.2835 0.01521
 81.3835 0.01521
 81.4835 0.01568
 81.5835 0.01609
 81.6835 0.01591
 81.7835 0.0159
 81.8835 0.01578
 81.9835 0.01618
 82.0835 0.0168
 82.1835 0.01601
 82.2835 0.0164
 82.3835 0.01606
 82.4835 0.01603
 82.5835 0.01704
 82.6835 0.01744
 82.7835 0.01759
 82.8835 0.01754
 82.9835 0.01718
 83.0835 0.01841
 83.1835 0.01863
 83.2835 0.0181
 83.3835 0.01848
 83.4835 0.01838
 83.5835 0.0194
 83.6835 0.01819
 83.7835 0.01891
 83.8835 0.01957
 83.9835 0.01919
 84.0835 0.01932
 84.1835 0.01928
 84.2835 0.02026
 84.3835 0.01972
 84.4835 0.01988
 84.5835 0.02011
 84.6835 0.02084
 84.7835 0.01983
 84.8835 0.02012
 84.9835 0.02002
 85.0835 0.02089
 85.1835 0.02016
 85.2835 0.02121
 85.3835 0.02049
 85.4835 0.02064
 85.5835 0.02102
 85.6835 0.02017
 85.7835 0.02107
 85.8835 0.0211
 85.9835 0.02113
 86.0835 0.02188
 86.1835 0.02243
 86.2835 0.0219
 86.3835 0.02238
 86.4835 0.02234
 86.5835 0.02247
 86.6835 0.02323
 86.7835 0.02247
 86.8835 0.022
 86.9835 0.023
 87.0835 0.02307
 87.1835 0.02301
 87.2835 0.02372
 87.3835 0.02385
 87.4835 0.02332
 87.5835 0.02343
 87.6835 0.02428
 87.7835 0.02309
 87.8835 0.0245
 87.9835 0.02438
 88.0835 0.02444
 88.1835 0.02519
 88.2835 0.02448
 88.3835 0.02467
 88.4835 0.02438
 88.5835 0.02501
 88.6835 0.02505
 88.7835 0.02433
 88.8835 0.025
 88.9835 0.0252
 89.0835 0.02528
 89.1835 0.0249
 89.2835 0.02486
 89.3835 0.0258
 89.4835 0.02484
 89.5835 0.02551
 89.6835 0.02622
 89.7835 0.02589
 89.8835 0.02565
 89.9835 0.02606
 90.0835 0.02629
 90.1835 0.02596
 90.2835 0.02634
 90.3835 0.0263
 90.4835 0.02619
 90.5835 0.02663
 90.6835 0.02651
 90.7835 0.02625
 90.8835 0.02676
 90.9835 0.02754
 91.0835 0.02693
 91.1835 0.02667
 91.2835 0.02737
 91.3835 0.02674
 91.4835 0.0278
 91.5835 0.02701
 91.6835 0.02653
 91.7835 0.02712
 91.8835 0.02694
 91.9835 0.0273
 92.0835 0.02796
 92.1835 0.02687
 92.2835 0.02697
 92.3835 0.02818
 92.4835 0.02875
 92.5835 0.02773
 92.6835 0.02859
 92.7835 0.02738
 92.8835 0.02859
 92.9835 0.02852
 93.0835 0.02775
 93.1835 0.0284
 93.2835 0.02805
 93.3835 0.02786
 93.4835 0.02825
 93.5835 0.0292
 93.6835 0.02796
 93.7835 0.02903
 93.8835 0.02863
 93.9835 0.02838
 94.0835 0.02756
 94.1835 0.02862
 94.2835 0.02779
 94.3835 0.02812
 94.4835 0.02771
 94.5835 0.02876
 94.6835 0.02891
 94.7835 0.02846
 94.8835 0.0285
 94.9835 0.02848
 95.0835 0.02861
 95.1835 0.02868
 95.2835 0.02875
 95.3835 0.02915
 95.4835 0.02956
 95.5835 0.02863
 95.6835 0.02884
 95.7835 0.02889
 95.8835 0.02925
 95.9835 0.02947
 96.0835 0.02867
 96.1835 0.02865
 96.2835 0.0296
 96.3835 0.02947
 96.4835 0.02859
 96.5835 0.02794
 96.6835 0.02894
 96.7835 0.02984
 96.8835 0.02887
 96.9835 0.02964
 97.0835 0.02889
 97.1835 0.02983
 97.2835 0.02724
 97.3835 0.02914
 97.4835 0.028
 97.5835 0.02887
 97.6835 0.02878
 97.7835 0.02898
 97.8835 0.02882
 97.9835 0.02824
 98.0835 0.02786
 98.1835 0.02784
 98.2835 0.02761
 98.3835 0.02824
 98.4835 0.02829
 98.5835 0.02756
 98.6835 0.02855
 98.7835 0.0276
 98.8835 0.02797
 98.9835 0.02784
 99.0835 0.02763
 99.1835 0.02685
 99.2835 0.02781
 99.3835 0.02768
 99.4835 0.02792
 99.5835 0.02778
 99.6835 0.02822
 99.7835 0.02804
 99.8835 0.02769
 99.9835 0.02824
 100.084 0.02742
 100.184 0.02834
 100.284 0.02765
 100.384 0.02533
 100.484 0.02731
 100.584 0.02631
 100.684 0.02703
 100.784 0.02734
 100.884 0.02665
 100.984 0.0269
 101.084 0.026
 101.184 0.02665
 101.284 0.02671
 101.384 0.02636
 101.484 0.02772
 101.584 0.02672
 101.684 0.02666
 101.784 0.02697
 101.884 0.02681
 101.984 0.02553
 102.084 0.0269
 102.184 0.02664
 102.284 0.02598
 102.384 0.02566
 102.484 0.02707
 102.584 0.02533
 102.684 0.02616
 102.784 0.02523
 102.884 0.02561
 102.984 0.02515
 103.084 0.025
 103.184 0.0239
 103.284 0.02439
 103.384 0.02539
 103.484 0.02537
 103.584 0.02525
 103.684 0.02465
 103.784 0.02436
 103.884 0.02608
 103.984 0.0243
 104.084 0.02445
 104.184 0.02454
 104.284 0.02399
 104.384 0.02428
 104.484 0.02389
 104.584 0.0238
 104.684 0.02348
 104.784 0.02421
 104.884 0.02359
 104.984 0.02347
 105.084 0.02363
 105.184 0.02393
 105.284 0.02307
 105.384 0.02254
 105.484 0.02327
 105.584 0.02275
 105.684 0.02215
 105.784 0.0225
 105.884 0.02236
 105.984 0.02277
 106.084 0.02247
 106.184 0.02186
 106.284 0.02219
 106.384 0.0221
 106.484 0.02212
 106.584 0.02257
 106.684 0.02156
 106.784 0.02175
 106.884 0.02164
 106.984 0.02152
 107.084 0.0212
 107.184 0.0214
 107.284 0.0202
 107.384 0.02053
 107.484 0.02086
 107.584 0.02019
 107.684 0.02108
 107.784 0.02031
 107.884 0.02031
 107.984 0.02069
 108.084 0.02055
 108.184 0.01931
 108.284 0.01992
 108.384 0.0196
 108.484 0.01997
 108.584 0.01909
 108.684 0.01954
 108.784 0.01974
 108.884 0.01919
 108.984 0.01911
 109.084 0.01887
 109.184 0.01921
 109.284 0.01971
 109.384 0.01838
 109.484 0.01867
 109.584 0.01825
 109.684 0.01815
 109.784 0.0184
 109.884 0.01774
 109.984 0.01766
 110.084 0.01749
 110.184 0.01792
 110.284 0.01774
 110.384 0.01787
 110.484 0.01822
 110.584 0.01739
 110.684 0.01745
 110.784 0.01667
 110.884 0.01638
 110.984 0.01645
 111.084 0.01631
 111.184 0.01628
 111.284 0.01713
 111.384 0.01637
 111.484 0.01655
 111.584 0.01633
 111.684 0.01605
 111.784 0.01603
 111.884 0.01592
 111.984 0.01546
 112.084 0.01603
 112.184 0.01543
 112.284 0.01594
 112.384 0.01544
 112.484 0.01555
 112.584 0.0153
 112.684 0.01479
 112.784 0.01484
 112.884 0.01445
 112.984 0.01454
 113.084 0.01487
 113.184 0.01396
 113.284 0.01468
 113.384 0.0153
 113.484 0.01458
 113.584 0.01358
 113.684 0.0141
 113.784 0.01362
 113.884 0.01384
 113.984 0.01361
 114.084 0.01337
 114.184 0.01368
 114.284 0.01397
 114.384 0.01331
 114.484 0.01279
 114.584 0.01226
 114.684 0.01257
 114.784 0.01267
 114.884 0.01315
 114.984 0.01294
 115.084 0.01167
 115.184 0.01257
 115.284 0.01227
 115.384 0.01246
 115.484 0.01223
 115.584 0.01166
 115.684 0.01183
 115.784 0.01157
 115.884 0.01148
 115.984 0.01174
 116.084 0.01156
 116.184 0.01136
 116.284 0.01077
 116.384 0.01108
 116.484 0.01063
 116.584 0.01104
 116.684 0.01033
 116.784 0.01056
 116.884 0.01069
 116.984 0.0103
 117.084 0.0106
 117.184 0.01033
 117.284 0.01
 117.384 0.01005
 117.484 0.00993
 117.584 0.01037
 117.684 0.00973
 117.784 0.0107
 117.884 0.00979
 117.984 0.00936
 118.084 0.00893
 118.184 0.00917
 118.284 0.00951
 118.384 0.00912
 118.484 0.00962
 118.584 0.00931
 118.684 0.0089
 118.784 0.00869
 118.884 0.00895
 118.984 0.00827
 119.084 0.00867
 119.184 0.00845
 119.284 0.00857
 119.384 0.00871
 119.484 0.00844
 119.584 0.00805
 119.684 0.00828
 119.784 0.00797
 119.884 0.00829
 119.984 0.00762
 120.084 0.0086
 120.184 0.0072
 120.284 0.0075
 120.384 0.00774
 120.484 0.00777
 120.584 0.00726
 120.684 0.00733
 120.784 0.00752
 120.884 0.00726
 120.984 0.00655
 121.084 0.00737
 121.184 0.00723
 121.284 0.00718
 121.384 0.00706
 121.484 0.00694
 121.584 0.00688
 121.684 0.00686
 121.784 0.00689
 121.884 0.0068
 121.984 0.00691
 122.084 0.00635
 122.184 0.00647
 122.284 0.00632
 122.384 0.00588
 122.484 0.00615
 122.584 0.00587
 122.684 0.00626
 122.784 0.00585
 122.884 0.00608
 122.984 0.00604
 123.084 0.00526
 123.184 0.00562
 123.284 0.00548
 123.384 0.00528
 123.484 0.00564
 123.584 0.00551
 123.684 0.00527
 123.784 0.00505
 123.884 0.00522
 123.984 0.0052
 124.084 0.00502
 124.184 0.00476
 124.284 0.00516
 124.384 0.00494
 124.484 0.00489
 124.584 0.00479
 124.684 0.00508
 124.784 0.00426
 124.884 0.00481
 124.984 0.00463
 125.084 0.00475
 125.184 0.00427
 125.284 0.00449
 125.384 0.00446
 125.484 0.00442
 125.584 0.00473
 125.684 0.00493
 125.784 0.00424
 125.884 0.00405
 125.984 0.004
 126.084 0.00402
 126.184 0.00441
 126.284 0.00376
 126.384 0.0039
 126.484 0.00338
 126.584 0.00384
 126.684 0.00391
 126.784 0.00356
 126.884 0.00378
 126.984 0.00354
 127.084 0.00337
 127.184 0.00359
 127.284 0.00343
 127.384 0.00348
 127.484 0.00377
 127.584 0.00318
 127.684 0.0035
 127.784 0.00311
 127.884 0.00347
 127.984 0.00306
 128.084 0.00299
 128.184 0.00296
 128.284 0.00301
 128.384 0.00316
 128.484 0.00308
 128.584 0.00304
 128.684 0.00312
 128.784 0.00273
 128.884 0.00299
 128.984 0.00307
 129.084 0.00288
 129.184 0.00297
 129.284 0.00275
 129.384 0.0027
 129.484 0.00264
 129.584 0.00269
 129.684 0.00266
 129.784 0.0026
 129.884 0.00232
 129.984 0.00232
 130.084 0.0025
 130.184 0.00231
 130.284 0.00245
 130.384 0.00239
 130.484 0.00238
 130.584 0.00244
 130.684 0.00258
 130.784 0.0024
 130.884 0.00241
 130.984 0.00207
 131.084 0.00236
 131.184 0.00227
 131.284 0.00215
 131.384 0.00222
 131.484 0.00206
 131.584 0.00206
 131.684 0.00195
 131.784 0.00202
 131.884 0.00198
 131.984 0.0017
 132.084 0.00164
 132.184 0.00183
 132.284 0.00168
 132.384 0.00211
 132.484 0.00189
 132.584 0.00157
 132.684 0.00181
 132.784 0.00167
 132.884 0.00164
 132.984 0.00159
 133.084 0.00157
 133.184 0.00157
 133.284 0.00147
 133.384 0.00127
 133.484 0.00162
 133.584 0.00155
 133.684 0.00143
 133.784 0.00136
 133.884 0.0015
 133.984 0.00158
 134.084 0.0016
 134.184 0.00131
 134.284 0.00148
 134.384 0.00153
 134.484 0.00139
 134.584 0.00114
 134.684 0.00118
 134.784 0.00146
 134.884 0.00116
 134.984 0.00123
 135.084 0.00123
 135.184 0.00095
 135.284 0.0012
 135.384 0.001
 135.484 0.00119
 135.584 0.00114
 135.684 0.00112
 135.784 0.00115
 135.884 0.00103
 135.984 0.0011
 136.084 0.00114
 136.184 0.001
 136.284 0.00113
 136.384 0.00106
 136.484 0.00093
 136.584 0.00088
 136.684 0.0011
 136.784 0.0012
 136.884 0.00089
 136.984 0.00091
 137.084 0.00091
 137.184 0.00094
 137.284 0.00083
 137.384 0.00093
 137.484 0.00093
 137.584 0.00078
 137.684 0.00076
 137.784 0.00089
 137.884 0.00088
 137.984 0.00075
 138.084 0.00084
 138.184 0.00087
 138.284 0.00064
 138.384 0.0007
 138.484 0.00073
 138.584 0.00059
 138.684 0.00082
 138.784 0.00075
 138.884 0.00078
 138.984 0.00073
 139.084 0.00061
 139.184 0.00072
 139.284 0.00076
 139.384 0.00078
 139.484 0.00055
 139.584 0.0005
 139.684 0.0007
 139.784 0.00068
 139.884 0.00057
 139.984 0.00044
 140.084 0.0006
 140.184 0.00055
 140.284 0.00061
 140.384 0.00061
 140.484 0.00058
 140.584 0.00047
 140.684 0.00061
 140.784 0.00041
 140.884 0.0005
 140.984 0.00067
 141.084 0.00054
 141.184 0.00051
 141.284 0.00044
 141.384 0.0005
 141.484 0.00045
 141.584 0.00044
 141.684 0.00052
 141.784 0.00053
 141.884 0.00042
 141.984 0.00038
 142.084 0.00038
 142.184 0.00053
 142.284 0.00044
 142.384 0.00038
 142.484 0.00039
 142.584 0.00048
 142.684 0.00036
 142.784 0.00041
 142.884 0.0004
 142.984 0.00025
 143.084 0.00033
 143.184 0.00031
 143.284 0.00039
 143.384 0.00038
 143.484 0.00028
 143.584 0.00032
 143.684 0.00023
 143.784 0.00031
 143.884 0.00029
 143.984 0.00032
 144.084 0.00033
 144.184 0.00021
 144.284 0.00024
 144.384 0.00025
 144.484 0.00037
 144.584 0.00025
 144.684 0.00029
 144.784 0.0002
 144.884 0.00034
 144.984 0.00031
 145.084 0.00023
 145.184 0.00027
 145.284 0.00021
 145.384 0.00023
 145.484 0.00029
 145.584 0.00033
 145.684 0.00019
 145.784 0.00028
 145.884 0.0003
 145.984 0.00023
 146.084 0.00021
 146.184 0.0002
 146.284 0.00021
 146.384 0.00023
 146.484 0.00016
 146.584 0.0003
 146.684 0.00018
 146.784 0.00021
 146.884 0.00012
 146.984 0.00016
 147.084 0.00023
 147.184 0.00021
 147.284 0.00019
 147.384 0.00013
 147.484 0.00015
 147.584 0.00015
 147.684 0.00015
 147.784 0.00017
 147.884 0.00011
 147.984 0.00015
 148.084 0.00015
 148.184 0.00014
 148.284 0.00016
 148.384 0.00016
 148.484 0.0001
 148.584 0.00011
 148.684 0.00011
 148.784 0.00014
 148.884 0.00017
 148.984 6e-05
 149.084 0.00011
 149.184 9e-05
 149.284 0.00017
 149.384 9e-05
 149.484 0.00011
 149.584 0.00012
 149.684 0.00014
 149.784 0.00011
 149.884 9e-05
 149.984 0.00011
 150.084 0.00011
 150.184 8e-05
 150.284 0.0001
 150.384 4e-05
 150.484 0.00013
 150.584 0.00013
 150.684 9e-05
 150.784 7e-05
 150.884 0.00011
 150.984 7e-05
 151.084 0.0001
 151.184 5e-05
 151.284 9e-05
 151.384 0.00011
 151.484 0.0001
 151.584 8e-05
 151.684 3e-05
 151.784 8e-05
 151.884 5e-05
 151.984 8e-05
 152.084 5e-05
 152.184 6e-05
 152.284 0.00012
 152.384 7e-05
 152.484 7e-05
 152.584 6e-05
 152.684 5e-05
 152.784 2e-05
 152.884 9e-05
 152.984 4e-05
 153.084 8e-05
 153.184 7e-05
 153.284 5e-05
 153.384 3e-05
 153.484 2e-05
 153.584 3e-05
 153.684 2e-05
 153.784 7e-05
 153.884 2e-05
 153.984 7e-05
 154.084 6e-05
 154.184 6e-05
 154.284 4e-05
 154.384 8e-05
 154.484 6e-05
 154.584 3e-05
 154.684 7e-05
 154.784 5e-05
 154.884 2e-05
 154.984 9e-05
 155.084 3e-05
 155.184 5e-05
 155.284 2e-05
 155.384 4e-05
 155.484 6e-05
 155.584 6e-05
 155.684 3e-05
 155.784 2e-05
 155.884 3e-05
 155.984 4e-05
 156.084 0
 156.184 1e-05
 156.284 2e-05
 156.384 2e-05
 156.484 2e-05
 156.584 1e-05
 156.684 1e-05
 156.784 1e-05
 156.884 4e-05
 156.984 3e-05
 157.084 2e-05
 157.184 2e-05
 157.284 3e-05
 157.384 3e-05
 157.484 4e-05
 157.584 2e-05
 157.684 2e-05
 157.784 2e-05
 157.884 2e-05
 157.984 5e-05
 158.084 3e-05
 158.184 3e-05
 158.284 1e-05
 158.384 7e-05
 158.484 2e-05
 158.584 4e-05
 158.684 3e-05
 158.784 4e-05
 158.884 3e-05
 158.984 4e-05
 159.084 5e-05
 159.184 2e-05
 159.284 0
 159.384 1e-05
 159.484 0
 159.584 1e-05
 159.684 2e-05
 159.784 0
 159.884 3e-05
 159.984 1e-05
 160.084 3e-05
 160.184 3e-05
 160.284 0
 160.384 1e-05
 160.484 0
 160.584 2e-05
 160.684 1e-05
 160.784 1e-05
 160.884 2e-05
 160.984 2e-05
 161.084 1e-05
 161.184 1e-05
 161.284 2e-05
 161.384 2e-05
 161.484 0
 161.584 3e-05
 161.684 0
 161.784 0
 161.884 1e-05
 161.984 0
 162.084 3e-05
 162.184 1e-05
 162.284 0
 162.384 3e-05
 162.484 1e-05
 162.584 0
 162.684 0
 162.784 1e-05
 162.884 1e-05
 162.984 0
 163.084 0
 163.184 2e-05
 163.284 1e-05
 163.384 1e-05
 163.484 2e-05
 163.584 1e-05
 163.684 2e-05
 163.784 3e-05
 163.884 0
 163.984 0
 164.084 3e-05
 164.184 0
 164.284 0
 164.384 1e-05
 164.484 0
 164.584 1e-05
 164.684 0
 164.784 0
 164.884 1e-05
 164.984 0
 165.084 0
 165.184 1e-05
 165.284 1e-05
 165.384 2e-05
 165.484 2e-05
 165.584 2e-05
 165.684 0
 165.784 0
 165.884 1e-05
 165.984 1e-05
 166.084 0
 166.184 0
 166.284 1e-05
 166.384 0
 166.484 0
 166.584 0
 166.684 1e-05
 166.784 1e-05
 166.884 1e-05
 166.984 2e-05
 167.084 0
 167.184 0
 167.284 0
 167.384 0
 167.484 0
 167.584 0
 167.684 1e-05
 167.784 0
 167.884 1e-05
 167.984 0
 168.084 0
 168.184 0
 168.284 0
 168.384 0
 168.484 0
 168.584 0
 168.684 0
 168.784 0
 168.884 0
 168.984 1e-05
 169.084 0
 169.184 0
 169.284 1e-05
 169.384 0
 169.484 0
 169.584 0
 169.684 0
 169.784 0
 169.884 0
 169.984 0
 170.084 0
 170.184 0
 170.284 1e-05
 170.384 0
 170.484 0
 170.584 0
 170.684 0
 170.784 0
 170.884 0
 170.984 0
 171.084 0
 171.184 1e-05
 171.284 0
 171.384 1e-05
 171.484 0
 171.584 0
 171.684 0
 171.784 0
 171.884 0
 171.984 0
 172.084 0
 172.184 0
 172.284 0
 172.384 1e-05
 172.484 0
 172.584 1e-05
 172.684 0
 172.784 0
 172.884 1e-05
 172.984 0
 173.084 0
 173.184 0
 173.284 0
 173.384 1e-05
 173.484 0
 173.584 0
 173.684 0
 173.784 0
 173.884 0
 173.984 0
 174.084 0
 174.184 0
 174.284 0
 174.384 0
 174.484 0
 174.584 0
 174.684 0
 174.784 0
 174.884 0
 174.984 0
 175.084 0
 175.184 0
 175.284 0
 175.384 1e-05
 175.484 0
 175.584 0
 175.684 0
 175.784 0
 175.884 0
 175.984 0
 176.084 0
 176.184 0
 176.284 0
 176.384 0
 176.484 0
 176.584 0
 176.684 0
 176.784 1e-05
 176.884 0
 176.984 0
 177.084 0
 177.184 0
 177.284 0
 177.384 0
 177.484 0
 177.584 0
 177.684 0
 177.784 0
 177.884 0
 177.984 0
 178.084 0
 178.184 0
 178.284 0
 178.384 0
 178.484 1e-05
 178.584 0
 